IO=1.500000
IL min=1.000000
Delta IL=1.000000
K=1.000000
Vi=1.000000
L=1.000000
Ts=1.000000
VO=1.000000
